67202
67207
67210
67168
67206
67203
67205
67002
67204
67200
67194
67147
66887
67197
67171
65649
67187
67170
67156
67152
67175
67148
67163
67172
67113
67161
67167
67162
67090
67075
67136
67115
67119
67151
66733
67080
67145
67067
67141
67027
66710
66899
67133
67021
67125
66732
66749
67117
66650
67031
66575
66804
66883
66858
53776
66864
66849
66169
66870
66872
66868
66739
66808
66744
66661
66628
66479
66238
66180
61649
56512
62917
65014
63979
45113
56998
66960
66927
66945
66869
66926
66759
66706
65995
66599
66672
66914
66795
66898
66848
66713
66791
65878
66573
66345
66051
62849
63962
65084
65425
65560
65698
65127
63699
60769
39892
61090
52742
60952
60507
60466
60421
67211
66872
67212
67213
67215
67216
67219
67218
67214
67223
67221
67079
67220
66857
66953
67225
66762
66768
67228
67229
67230
67232
67231
67233
67235
67234
67238
67239
67240
67241
67243
67245
67244
67249
67248
67247
67246
67255
67254
67253
67257
67262
67261
67260
67264
67265
67267
67266
67269
67268
67272
67271
67278
67275
67277
67273
67274
67276
67281
67282
67280
67279
67286
67285
67284
67283
67287
67288
67290
67289
67291
63107
67294
67295
67296
67299
67298
67306
67301
67302
67305
67304
67303
67308
67309
67313
67312
67311
67314
67315
67317
67316
67319
67322
67327
67326
67325
67324
67329
67328
67333
67332
67335
67334
67336
67337
67339
67340
67343
67342
67347
67346
67353
67352
67356
67359
67357
67358
67360
67361
67362
67363
67365
67374
67373
67372
67369
67371
67370
67368
78490
78481
78525
78511
78236
77764
78291
78447
78537
77011
78543
77308
78528
77561
78515
78152
78391
78507
78539
78512
78263
75835
76721
78365
78486
78497
77985
78445
78193
78480
78442
78471
77778
78458
78444
78426
78159
78323
78327
78432
78411
77880
78143
78368
78108
77701
75193
78418
78419
78423
77863
78378
77636
78375
78392
78343
78056
78350
64571
78032
77862
78313
78307
78306
77545
78087
78002
78301
78231
78198
78127
78111
78254
78046
78042
78040
78018
78173
78089
78110
77603
78144
78095
78149
77153
75969
77510
76032
77369
77567
78023
74647
74651
76833
77266
77519
78037
77938
77926
77396
77590
77829
77817
77809
73241
77900
77891
77869
41527
77276
77808
77826
76524
76890
70580
74021
74800
76155
72927
74465
74602
77456
45399
72558
73120
75895
75935
76760
75479
75558
76865
77068
77285
77438
77476
77499
77535
74353
76153
76797
76805
77065
73442
73876
75779
76570
74847
77582
75937
76846
77493
77295
77299
77036
77593
76030
77434
76684
77597
77560
76329
77492
68516
71783
73208
73774
72618
75843
77183
72875
76835
71859
74910
76950
72921
77016
77139
76909
77053
77082
76954
77046
76964
76614
76848
76278
74411
76686
76029
76628
76464
75955
76312
72758
76313
75854
73112
75727
75405
75715
75938
75434
73407
75020
73789
74886
73310
73309
75178
74554
74861
74743
74363
67550
74469
74024
72455
72656
74054
72609
69003
71594
72624
68074
73905
73738
72047
73233
73065
72865
73361
73325
73307
72683
72286
72358
72004
72104
72059
71807
71672
71671
70533
68970
71720
69426
70476
69396
69144
68968
68917
68143
67979
67808
67649
67879
67535